
% lenght of (positive portion) colormap
len = 96;

% matrix where each row is a color triplet
basemap = [1,1,1;0.980392156862745,0.980392156862745,0.980392156862745;0.964705882352941,0.964705882352941,0.964705882352941;0.949019607843137,0.949019607843137,0.949019607843137;0.933333333333333,0.933333333333333,0.933333333333333;0.913725490196078,0.913725490196078,0.913725490196078;0.898039215686275,0.898039215686275,0.898039215686275;0.882352941176471,0.882352941176471,0.882352941176471;0.866666666666667,0.866666666666667,0.866666666666667;0.847058823529412,0.847058823529412,0.847058823529412;0.831372549019608,0.831372549019608,0.831372549019608;0.815686274509804,0.815686274509804,0.815686274509804;0.800000000000000,0.800000000000000,0.800000000000000;0.784313725490196,0.784313725490196,0.784313725490196;0.764705882352941,0.764705882352941,0.764705882352941;0.749019607843137,0.749019607843137,0.749019607843137;0.733333333333333,0.733333333333333,0.733333333333333;0.717647058823529,0.717647058823529,0.717647058823529;0.698039215686275,0.698039215686275,0.698039215686275;0.682352941176471,0.682352941176471,0.682352941176471;0.666666666666667,0.666666666666667,0.666666666666667;0.650980392156863,0.650980392156863,0.650980392156863;0.631372549019608,0.631372549019608,0.631372549019608;0.615686274509804,0.615686274509804,0.615686274509804;0.600000000000000,0.600000000000000,0.600000000000000;0.584313725490196,0.584313725490196,0.584313725490196;0.568627450980392,0.568627450980392,0.568627450980392;0.549019607843137,0.549019607843137,0.549019607843137;0.533333333333333,0.533333333333333,0.533333333333333;0.517647058823530,0.517647058823530,0.517647058823530;0.501960784313726,0.501960784313726,0.501960784313726;0.482352941176471,0.482352941176471,0.482352941176471;0.466666666666667,0.466666666666667,0.466666666666667;0.450980392156863,0.450980392156863,0.450980392156863;0.435294117647059,0.435294117647059,0.435294117647059;0.415686274509804,0.415686274509804,0.415686274509804;0.400000000000000,0.400000000000000,0.400000000000000;0.384313725490196,0.384313725490196,0.384313725490196;0.368627450980392,0.368627450980392,0.368627450980392;0.352941176470588,0.352941176470588,0.352941176470588;0.333333333333333,0.333333333333333,0.333333333333333;0.317647058823529,0.317647058823529,0.317647058823529;0.301960784313725,0.301960784313725,0.301960784313725;0.286274509803922,0.286274509803922,0.286274509803922;0.266666666666667,0.266666666666667,0.266666666666667;0.250980392156863,0.250980392156863,0.250980392156863;0.235294117647059,0.235294117647059,0.235294117647059;0.219607843137255,0.219607843137255,0.219607843137255;0.203921568627451,0.203921568627451,0.203921568627451;0.219607843137255,0.219607843137255,0.219607843137255;0.235294117647059,0.235294117647059,0.235294117647059;0.250980392156863,0.250980392156863,0.250980392156863;0.266666666666667,0.266666666666667,0.266666666666667;0.286274509803922,0.286274509803922,0.286274509803922;0.301960784313725,0.301960784313725,0.301960784313725;0.317647058823529,0.317647058823529,0.317647058823529;0.333333333333333,0.333333333333333,0.333333333333333;0.352941176470588,0.352941176470588,0.352941176470588;0.368627450980392,0.368627450980392,0.368627450980392;0.384313725490196,0.384313725490196,0.384313725490196;0.400000000000000,0.400000000000000,0.400000000000000;0.415686274509804,0.415686274509804,0.415686274509804;0.435294117647059,0.435294117647059,0.435294117647059;0.450980392156863,0.450980392156863,0.450980392156863;0.466666666666667,0.466666666666667,0.466666666666667;0.482352941176471,0.482352941176471,0.482352941176471;0.501960784313726,0.501960784313726,0.501960784313726;0.517647058823530,0.517647058823530,0.517647058823530;0.533333333333333,0.533333333333333,0.533333333333333;0.549019607843137,0.549019607843137,0.549019607843137;0.568627450980392,0.568627450980392,0.568627450980392;0.584313725490196,0.584313725490196,0.584313725490196;0.600000000000000,0.600000000000000,0.600000000000000;0.615686274509804,0.615686274509804,0.615686274509804;0.631372549019608,0.631372549019608,0.631372549019608;0.650980392156863,0.650980392156863,0.650980392156863;0.666666666666667,0.666666666666667,0.666666666666667;0.682352941176471,0.682352941176471,0.682352941176471;0.698039215686275,0.698039215686275,0.698039215686275;0.717647058823529,0.717647058823529,0.717647058823529;0.733333333333333,0.733333333333333,0.733333333333333;0.749019607843137,0.749019607843137,0.749019607843137;0.764705882352941,0.764705882352941,0.764705882352941;0.784313725490196,0.784313725490196,0.784313725490196;0.800000000000000,0.800000000000000,0.800000000000000;0.815686274509804,0.815686274509804,0.815686274509804;0.831372549019608,0.831372549019608,0.831372549019608;0.847058823529412,0.847058823529412,0.847058823529412;0.866666666666667,0.866666666666667,0.866666666666667;0.882352941176471,0.882352941176471,0.882352941176471;0.898039215686275,0.898039215686275,0.898039215686275;0.913725490196078,0.913725490196078,0.913725490196078;0.933333333333333,0.933333333333333,0.933333333333333;0.949019607843137,0.949019607843137,0.949019607843137;0.964705882352941,0.964705882352941,0.964705882352941;0.980392156862745,0.980392156862745,0.980392156862745;1,1,1;0.980392156862745,0.980392156862745,0.980392156862745;0.960784313725490,0.960784313725490,0.960784313725490;0.941176470588235,0.941176470588235,0.941176470588235;0.921568627450980,0.921568627450980,0.921568627450980;0.901960784313726,0.901960784313726,0.901960784313726;0.882352941176471,0.882352941176471,0.882352941176471;0.862745098039216,0.862745098039216,0.862745098039216;0.843137254901961,0.843137254901961,0.843137254901961;0.823529411764706,0.823529411764706,0.823529411764706;0.803921568627451,0.803921568627451,0.803921568627451;0.784313725490196,0.784313725490196,0.784313725490196;0.764705882352941,0.764705882352941,0.764705882352941;0.745098039215686,0.745098039215686,0.745098039215686;0.725490196078431,0.725490196078431,0.725490196078431;0.705882352941177,0.705882352941177,0.705882352941177;0.686274509803922,0.686274509803922,0.686274509803922;0.666666666666667,0.666666666666667,0.666666666666667;0.647058823529412,0.647058823529412,0.647058823529412;0.627450980392157,0.627450980392157,0.627450980392157;0.607843137254902,0.607843137254902,0.607843137254902;0.592156862745098,0.592156862745098,0.592156862745098;0.572549019607843,0.572549019607843,0.572549019607843;0.552941176470588,0.552941176470588,0.552941176470588;0.533333333333333,0.533333333333333,0.533333333333333;0.513725490196078,0.513725490196078,0.513725490196078;0.494117647058824,0.494117647058824,0.494117647058824;0.474509803921569,0.474509803921569,0.474509803921569;0.454901960784314,0.454901960784314,0.454901960784314;0.435294117647059,0.435294117647059,0.435294117647059;0.415686274509804,0.415686274509804,0.415686274509804;0.396078431372549,0.396078431372549,0.396078431372549;0.376470588235294,0.376470588235294,0.376470588235294;0.356862745098039,0.356862745098039,0.356862745098039;0.337254901960784,0.337254901960784,0.337254901960784;0.317647058823529,0.317647058823529,0.317647058823529;0.298039215686275,0.298039215686275,0.298039215686275;0.278431372549020,0.278431372549020,0.278431372549020;0.258823529411765,0.258823529411765,0.258823529411765;0.239215686274510,0.239215686274510,0.239215686274510;0.219607843137255,0.219607843137255,0.219607843137255;0.258823529411765,0.258823529411765,0.313725490196078;0.301960784313725,0.301960784313725,0.411764705882353;0.341176470588235,0.341176470588235,0.509803921568627;0.384313725490196,0.384313725490196,0.607843137254902;0.423529411764706,0.423529411764706,0.705882352941177;0.466666666666667,0.466666666666667,0.803921568627451;0.505882352941176,0.505882352941176,0.901960784313726;0.549019607843137,0.549019607843137,1;0.513725490196078,0.576470588235294,0.937254901960784;0.478431372549020,0.603921568627451,0.874509803921569;0.443137254901961,0.631372549019608,0.811764705882353;